Percent intra tput ratio    intra pkt ratio intra entropy ratio inter tput ratio    inter pkt ratio inter entropy ratio
0.05    3.271340338 2.521636525 2.867710526 1.817145125 1.572490834 2.311157822
0.1 3.326721742 2.539421315 2.958868915 1.837269096 1.591309184 2.337005212
0.15    3.354743902 2.561055855 2.993795445 1.863401256 1.599093783 2.370642765
0.2 3.424235133 2.57695348  3.031324651 1.883229172 1.60815785  2.38376958
0.25    3.455972159 2.588896164 3.064898796 1.895183609 1.611684637 2.404601553
0.3 3.506492633 2.604323238 3.09741919  1.907998959 1.615234012 2.425551847
0.35    3.543156143 2.618390902 3.11611936  1.917304436 1.618573608 2.43530991
0.4 3.566367232 2.638109546 3.130063025 1.927837067 1.624272073 2.452101511
0.45    3.607285109 2.656505773 3.150821769 1.940855576 1.628875096 2.467571411
0.5 3.682306014 2.674047417 3.164230525 1.948827431 1.641260307 2.484851267
0.55    3.721797488 2.710750228 3.183722911 1.963010708 1.646441522 2.504623803
0.6 3.846725025 2.752989328 3.199815743 1.976064968 1.65650091  2.51263233
0.65    3.897889332 2.79745477  3.240225614 1.991767558 1.663278968 2.531696425
0.7 3.992985241 2.826516235 3.256248313 1.999001827 1.671914253 2.563199047
0.75    4.077435161 2.855489117 3.27678908  2.011403674 1.677532636 2.586124959
0.8 4.164290753 2.904661137 3.306809419 2.021401441 1.687511406 2.600490375
0.85    4.290420502 2.943046719 3.337692122 2.04867026  1.701036721 2.627202484
0.9 4.380704807 2.972522118 3.3644683   2.077876952 1.7160598   2.658841763
0.95    4.495509403 3.010663907 3.442167218 2.132967448 1.743386237 2.722158032
1   7.724960987 4.76070155  3.56062846  2.256644578 1.812753336 2.945184694