Percent Tethered Pkt Cnt    all Pkt Cnt ratio
0.05    188409.6    3511751 0.052780102
0.1 196117.2    3553236.2   0.053609939
0.15    198208.6    3573741.5   0.054442183
0.2 201676.4    3584874 0.055303412
0.25    204603  3600573 0.056175939
0.3 207204.8    3611183.8   0.056636272
0.35    208454.6    3624301.6   0.057311167
0.4 209730.8    3637680.8   0.057885064
0.45    212014.2    3645852 0.058129847
0.5 214816  3656488 0.058856356
0.55    216430  3663996.5   0.059271556
0.6 219285.6    3673396.8   0.05972935
0.65    221045.8    3683378.4   0.060208502
0.7 223323.6    3698728.2   0.060700642
0.75    224887  3709428.5   0.06118779
0.8 227644.8    3719490.2   0.061870005
0.85    230303.4    3735981 0.063300838
0.9 238406.4    3757654.4   0.064930548
0.95    246922  3813628.8   0.066830076
1   270758  3985275 0.069893574