0.05    2321.6  86553.9 0.024660131
0.1 2373    87648.8 0.02501045
0.15    2396.8  88716.6 0.025368487
0.2 2439.6  89159.8 0.025597409
0.25    2486.5  89978   0.025987962
0.3 2512    90498.8 0.026257734
0.35    2553.1  91094.6 0.026538061
0.4 2577.4  91997.6 0.026820157
0.45    2605.7  92529.9 0.027162742
0.5 2640    93311   0.027579228
0.55    2660.2  94625.8 0.027786194
0.6 2677.6  95717.2 0.02818256
0.65    2709.4  97114.8 0.028379503
0.7 2726.2  98197.8 0.028729152
0.75    2750.5  100449.5    0.029571118
0.8 2791.2  101714  0.030010847
0.85    2846.4  103904.9    0.030520048
0.9 2897.2  105484.4    0.030777831
0.95    2971.4  109009.5    0.031362358
1   3397    116333  0.035037797