Percent Tethered Pkt Cnt    all Pkt Cnt ratio
0.05    29078899.4  392326984.4 0.072398377
0.1 30001382    395375538.4 0.074352127
0.15    30616895.6  397988714.2 0.075264216
0.2 31214794.4  400147864.8 0.076640464
0.25    31569915    401656824   0.077710443
0.3 31921433.6  403002557.2 0.078292338
0.35    32232189    404498765.6 0.078924356
0.4 32528730.8  405536279.2 0.080404509
0.45    32956398.8  406789387.8 0.081057474
0.5 33549916    408118144   0.081588393
0.55    34006431.6  408962704.2 0.082305182
0.6 34296632.4  410719668   0.083361033
0.65    34643744.8  412083156.1 0.084468358
0.7 35105987.2  414804886.2 0.085551237
0.75    35600725    416710856   0.086705102
0.8 36296866    418600658   0.087339097
0.85    37018875.6  421615685.8 0.088582736
0.9 37574284.8  425266483.6 0.090595428
0.95    38495773.8  429084805   0.093092436
1   42255974    447515566   0.1043032